00000000000000000000000000000000000000000000000000000000000000000000000000000000
02222222222222222222222222222222222222222222221111111111111111111222222222222220
02222222222222222222222222222222222222222222221222222222222222221222222222222220
02222222222222222222222222222222222222222222221222222222222222221222222222222220
02222222222222222222222222222222222222222222221222222222222222221222222222222220
02222222222222222222222222222222222222222222221222222222222222221222222222222220
02222222222222222222222222222222222222222222221222222222222222221222222222222220
02222222222222222222222222222222222222222222221111111111111111121222222222222220
02222222222211111111111111111111111222222222222222222222222222121222222222222220
02222222222212222222222222222222221222222222222222222222222222121222222222222220
02222222222212222222222222222222221222222222222222222222222222121222222222222220
02222222222212222222222222222222221222222222222222222222222222121222222222222220
02222222222212222222222222222222221222222222222111111111111111121222222222222220
02222222222212222222222222222222221222222222222122222222222222221222222222222220
02222222222212222222222222222222221222222222222122222222222222221222222222222220
02222222222212222222222222222222221222222222222122222222222222221222222222222220
02222222222212222111111111222222221222222222222122211111111111111222222222222220
02222222222212222122222221222222221222222222222122212222222222222222222222222220
02222222222212222122222221222222221222222222222122212222222222222222222222222220
02222222222212222122222221222222221222222222222122212222222222222222222222222220
02222222222212222122222221222222221222222222222122212222222222222222222222222220
02222222222212222122222221222222221222222222222122212222222211111111111111112220
02222222222212222122222221222222221222222222222122212222222212222222222222212220
02222222222212222122222221222222221222222222222122212222222212222222222222212220
02222222222212222122222221222222221222222222222122212222222212222222222222212220
02222222222212222122222221222222221222222222222122212222222212222222222222212220
02222222222212222122222221222222221222222222222122212222222212222222222222212220
02222222222212222122222221222222221222222222222122212222222212222222222222212220
02222222222212222122222221222222221222222222222122212222222212222222222222212220
02222222222212222122222221222222221222222222222122212222222212222222222222212220
02222222222212222122222221222222221222222222222122212222222212222222222222212220
02222222222212222122222221222222221222222222222122212222222212222222222222212220
02211111111112222122222221222222221222222222222122212222222212222222222222212220
02212222222222222122222221222222221222222222222122212222222212222222222222212220
02212222222222222122222221111111111222222222222122212222222212222222222222212220
02212222222222222122222222222222222111111111111122212222222212222222222222212220
02212222222222222122222222222222222122222222222222212222222212222222222222212220
02212222222222222122222222222222222122222222222222212222222212222222222222211111
02212222222222222122222222222222222122222222222222212222222212222222222222222220
02212222222222222122222222222222222122222222222222212222222212222222222222222220
02212222222222222122222222222222222122222222222222212222222212222222222222222220
02211111111222222122222222222222222122222222222222212222222212222222222222222220
02222222221222222122222222222222222122222222222222212222222212222222222222222220
02222222221222222122222222222222222122222222222222212222222212222222222222222220
02222222221222222122222222222222222122222222222222212222222212222222222222222220
02222222221222222111111111111111111122222222222222212222222212222222222222222220
02222222221222222222222222222222222222222222222222212222222212222222222222222220
11111111111222222222222222222222222222222222222222211111111112222222222222222220
02222222222222222222222222222222222222222222222222222222222222222222222222222220
00000000000000000000000000000000000000000000000000000000000000000000000000000000