00000000000000000000000000000000000000000000000000000000000000000000000000000000000000000000000000
02222222222222222222222222222222222222222222222222222222222222222222222222222222222222222222222220
02211111111122222222222222222222222222222222222222222222222222222222222222222222222222222222222220
02212222222122222222222222222222222222222222222222222222222222222222222222222222222222222222222220
11112222222111111111111111111111111111111111111111111111111111111111111111111111111111111111111111
02222222222222222222222222222222222222222222222222222222222222222222222222222222222222222222222220
02222222222222222222222222222222222222222222222222222222222222222222222222222222222222222222222220
02222222222222222222222222222222222222222222222222222222222222222222222222222222222222222222222220
02222222222222222222222222222222222222222222222222222222222222222222222222222222222222222222222220
02222222222222222222222222222222222222222222222222222222222222222222222222222222222222222222222220
02222222222222222222222222222222222222222222222222222222222222222222222222222222222222222222222220
02222222222222222222222222222222222222222222222222222222222222222222222222222222222222222222222220
02222222222222222222222222222222222222222222222222222222222222222222222222222222222222222222222220
02222222222222222222222222222222222222222222222222222222222222222222222222222222222222222222222220
02222222222222222222222222222222222222222222222222222222222222222222222222222222222222222222222220
02222222222222222222222222222222222222222222222222222222222222222222222222222222222222222222222220
02222222222222222222222222222222222222222222222222222222222222222222222222222222222222222222222220
02222222222222222222222222222222222222222222222222222222222222222222222222222222222222222222222220
02222222222222222222222222222222222222222222222222222222222222222222222222222222222222222222222220
02222222222222222222222222222222222222222222222222222222222222222222222222222222222222222222222220
02222222222222222222222222222222222222222222222222222222222222222222222222222222222222222222222220
02222222222222222222222222222222222222222222222222222222222222222222222222222222222222222222222220
02222222222222222222222222222222222222222222222222222222222222222222222222222222222222222222222220
02222222222222222222222222222222222222222222222222222222222222222222222222222222222222222222222220
02222222222222222222222222222222222222222222222222222222222222222222222222222222222222222222222220
02222222222222222222222222222222222222222222222222222222222222222222222222222222222222222222222220
02222222222222222222222222222222222222222222222222222222222222222222222222222222222222222222222220
02222222222222222222222222222222222222222222222222222222222222222222222222222222222222222222222220
02222222222222222222222222222222222222222222222222222222222222222222222222222222222222222222222220
02222222222222222222222222222222222222222222222222222222222222222222222222222222222222222222222220
02222222222222222222222222222222222222222222222222222222222222222222222222222222222222222222222220
02222222222222222222222222222222222222222222222222222222222222222222222222222222222222222222222220
02222222222222222222222222222222222222222222222222222222222222222222222222222222222222222222222220
02222222222222222222222222222222222222222222222222222222222222222222222222222222222222222222222220
02222222222222222222222222222222222222222222222222222222222222222222222222222222222222222222222220
02222222222222222222222222222222222222222222222222222222222222222222222222222222222222222222222220
02222222222222222222222222222222222222222222222222222222222222222222222222222222222222222222222220
02222222222222222222222222222222222222222222222222222222222222222222222222222222222222222222222220
02222222222222222222222222222222222222222222222222222222222222222222222222222222222222222222222220
02222222222222222222222222222222222222222222222222222222222222222222222222222222222222222222222220
02222222222222222222222222222222222222222222222222222222222222222222222222222222222222222222222220
02222222222222222222222222222222222222222222222222222222222222222222222222222222222222222222222220
02222222222222222222222222222222222222222222222222222222222222222222222222222222222222222222222220
02222222222222222222222222222222222222222222222222222222222222222222222222222222222222222222222220
02222222222222222222222222222222222222222222222222222222222222222222222222222222222222222222222220
02222222222222222222222222222222222222222222222222222222222222222222222222222222222222222222222220
00000000000000000000000000000000000000000000000000000000000000000000000000000000000000000000000000